size=(16, 16)
tiles={
    ((240, 224), (0, 0)),
    ((272, 224), (1, 0)),
    ((272, 224), (2, 0)),
    ((272, 224), (3, 0)),
    ((272, 224), (4, 0)),
    ((304, 224), (5, 0)),
    ((48, 16), (9, 0)),
    ((48, 16), (9, 0)),
    ((48, 16), (14, 2)),
    ((48, 16), (15, 2)),
    ((48, 16), (16, 2)),
    ((48, 16), (17, 2)),
    ((48, 16), (18, 2)),
    ((48, 16), (19, 2)),
    ((48, 16), (12, 4)),
    ((48, 16), (11, 5)),
    ((16, 16), (6, 7)),
    ((48, 16), (7, 7)),
    ((48, 16), (8, 7)),
    ((48, 16), (9, 7)),
    ((48, 16), (10, 7)),
    ((48, 16), (11, 7)),
    ((48, 16), (12, 7)),
    ((48, 16), (13, 7)),
    ((48, 16), (14, 7)),
    ((80, 16), (15, 7)),
    ((16, 16), (0, 8)),
    ((48, 16), (1, 8)),
    ((48, 16), (2, 8)),
    ((48, 16), (3, 8)),
    ((48, 16), (4, 8)),
    ((48, 16), (5, 8)),
    ((48, 48), (6, 8)),
    ((48, 48), (7, 8)),
    ((48, 48), (8, 8)),
    ((48, 48), (9, 8)),
    ((48, 48), (10, 8)),
    ((48, 48), (11, 8)),
    ((48, 48), (12, 8)),
    ((48, 48), (13, 8)),
    ((48, 48), (14, 8)),
    ((48, 48), (15, 8)),
    ((48, 16), (16, 8)),
    ((48, 16), (17, 8)),
    ((48, 16), (18, 8)),
    ((80, 16), (19, 8)),
    ((16, 48), (0, 9)),
    ((48, 48), (1, 9)),
    ((48, 48), (2, 9)),
    ((48, 48), (3, 9)),
    ((48, 48), (4, 9)),
    ((48, 48), (5, 9)),
    ((48, 48), (6, 9)),
    ((48, 48), (7, 9)),
    ((48, 48), (8, 9)),
    ((48, 48), (9, 9)),
    ((48, 48), (10, 9)),
    ((48, 48), (11, 9)),
    ((48, 48), (12, 9)),
    ((48, 48), (13, 9)),
    ((48, 48), (14, 9)),
    ((48, 48), (15, 9)),
    ((48, 48), (16, 9)),
    ((48, 48), (17, 9)),
    ((48, 48), (18, 9)),
    ((80, 48), (19, 9)),
    ((80, 48), (19, 10)),
    ((80, 160), (19, 11)),
    ((64, 160), (18, 11)),
    ((64, 176), (18, 12)),
    ((16, 160), (0, 10)),
    ((32, 160), (1, 10)),
    ((32, 176), (1, 11)),
    ((48, 48), (2, 10)),
    ((48, 48), (3, 10)),
    ((48, 48), (4, 10)),
    ((48, 48), (5, 10)),
    ((48, 48), (6, 10)),
    ((48, 48), (7, 10)),
    ((48, 48), (8, 10)),
    ((48, 48), (9, 10)),
    ((48, 48), (10, 10)),
    ((48, 48), (11, 10)),
    ((48, 48), (12, 10)),
    ((48, 48), (13, 10)),
    ((48, 48), (14, 10)),
    ((48, 48), (15, 10)),
    ((48, 48), (16, 10)),
    ((48, 48), (17, 10)),
    ((48, 48), (18, 10)),
    ((48, 48), (3, 11)),
    ((48, 48), (4, 11)),
    ((48, 48), (5, 11)),
    ((48, 48), (6, 11)),
    ((48, 48), (7, 11)),
    ((48, 48), (8, 11)),
    ((48, 48), (9, 11)),
    ((48, 48), (10, 11)),
    ((48, 48), (11, 11)),
    ((48, 48), (12, 11)),
    ((48, 48), (13, 11)),
    ((48, 48), (14, 11)),
    ((48, 48), (15, 11)),
    ((48, 48), (16, 11)),
    ((48, 48), (17, 11)),
    ((32, 160), (2, 11)),
    ((48, 80), (3, 12)),
    ((48, 80), (4, 12)),
    ((48, 80), (5, 12)),
    ((48, 80), (6, 12)),
    ((48, 80), (7, 12)),
    ((48, 80), (8, 12)),
    ((48, 80), (9, 12)),
    ((48, 80), (10, 12)),
    ((48, 80), (11, 12)),
    ((48, 80), (12, 12)),
    ((48, 80), (13, 12)),
    ((48, 80), (14, 12)),
    ((48, 80), (15, 12)),
    ((48, 80), (16, 12)),
    ((48, 80), (17, 12)),
    ((16, 80), (2, 12)),
}